image_00000 230 270 245 294
image_00001 229 269 244 291
image_00002 230 267 249 296
image_00003 229 263 248 294
image_00004 226 263 245 293
image_00005 229 263 247 296
image_00006 228 262 248 297
image_00007 227 262 248 296
image_00008 227 261 248 294
image_00009 226 260 247 295
image_00010 227 261 249 299
image_00011 223 260 249 297
image_00012 223 260 250 301
image_00013 223 258 251 303
image_00014 223 257 248 303
image_00015 223 257 251 302
image_00016 222 256 250 301
image_00017 221 255 253 302
image_00018 224 252 252 303
image_00019 225 256 253 304
image_00020 225 255 253 301
image_00021 226 253 265 302
image_00022 225 250 264 305
image_00023 223 248 264 304
image_00024 219 244 267 303
image_00025 220 246 268 305
image_00026 221 246 269 306
image_00027 220 245 265 302
image_00028 219 246 266 305
image_00029 220 244 265 305
image_00030 221 246 268 305
image_00031 223 249 267 304
image_00032 223 248 269 305
image_00033 224 248 268 306
image_00034 233 247 268 312
image_00035 227 240 267 308
image_00036 230 245 268 307
image_00037 229 245 271 307
image_00038 237 246 270 304
image_00039 238 247 269 304
image_00040 239 249 270 308
image_00041 239 249 271 307
image_00042 238 248 270 307
image_00043 238 244 272 304
image_00044 240 242 272 305
image_00045 243 239 273 286
image_00046 245 241 271 274
image_00047 244 238 271 289
image_00048 244 239 270 280
image_00049 249 239 272 279
image_00050 246 239 273 274
image_00051 251 240 271 269
image_00052 252 236 269 274
image_00053 248 240 269 268
image_00054 250 239 269 265
image_00055 248 239 270 268
image_00056 248 239 269 271
image_00057 251 241 269 266
image_00058 254 241 269 265
image_00059 251 243 267 262
image_00060 252 243 268 265
image_00061 250 243 269 271
image_00062 249 240 268 267
image_00063 247 238 268 266
