image_00000 290 219 308 239
image_00001 288 218 307 237
image_00002 290 217 313 241
image_00003 288 214 312 239
image_00004 284 214 309 238
image_00005 288 214 311 240
image_00006 286 213 312 241
image_00007 285 213 313 241
image_00008 286 212 313 239
image_00009 285 211 310 240
image_00010 285 212 313 243
image_00011 281 211 313 242
image_00012 280 211 314 244
image_00013 280 210 316 246
image_00014 281 209 313 246
image_00015 280 209 316 245
image_00016 279 208 315 244
image_00017 279 207 319 246
image_00018 282 205 317 246
image_00019 283 208 318 247
image_00020 284 207 318 244
image_00021 284 205 334 245
image_00022 283 203 333 248
image_00023 281 201 332 247
image_00024 276 198 336 246
image_00025 276 200 338 247
image_00026 278 200 338 249
image_00027 277 199 333 245
image_00028 275 200 334 247
image_00029 277 198 334 248
image_00030 278 200 337 247
image_00031 280 202 335 247
image_00032 280 202 338 248
image_00033 282 201 337 248
image_00034 293 201 337 253
image_00035 286 195 335 251
image_00036 289 199 337 249
image_00037 289 199 341 249
image_00038 298 200 340 247
image_00039 299 201 339 247
image_00040 301 202 340 250
image_00041 300 202 341 250
image_00042 299 201 340 249
image_00043 300 198 342 247
image_00044 302 197 342 248
image_00045 306 194 343 232
image_00046 309 196 342 222
image_00047 308 193 341 235
image_00048 307 194 340 227
image_00049 314 194 342 227
image_00050 309 194 343 223
image_00051 316 195 341 219
image_00052 317 192 338 222
image_00053 313 195 339 218
image_00054 315 194 338 215
image_00055 312 194 340 218
image_00056 312 194 339 220
image_00057 316 196 338 216
image_00058 320 196 338 215
image_00059 316 197 336 213
image_00060 317 197 338 215
image_00061 314 197 338 220
image_00062 313 195 337 217
image_00063 311 193 338 216
